[gd_scene load_steps=70 format=2]

[ext_resource path="res://Scenes/Worldgen/StationTerrainPreview.tscn" type="PackedScene" id=1]
[ext_resource path="res://Scenes/Parts/StationHab.tscn" type="PackedScene" id=2]
[ext_resource path="res://Scenes/Parts/StationBlank.tscn" type="PackedScene" id=3]
[ext_resource path="res://Scenes/Parts/StationTop.tscn" type="PackedScene" id=4]
[ext_resource path="res://Scenes/Parts/StationHangar.tscn" type="PackedScene" id=5]
[ext_resource path="res://addons/XenoPath/DockingPoint.cs" type="Script" id=6]
[ext_resource path="res://Scenes/Stations/Other/DockingTower.tscn" type="PackedScene" id=7]
[ext_resource path="res://Resources/Equipment/DiveTeams/RepairDiveTeamType.tres" type="Resource" id=8]
[ext_resource path="res://Resources/Equipment/Torpedoes/SpyglassTorpedo.tres" type="Resource" id=9]
[ext_resource path="res://Resources/Equipment/SubHulls/SubhullConveyor.tres" type="Resource" id=10]
[ext_resource path="res://Resources/Equipment/Torpedoes/JavelinTorpedo.tres" type="Resource" id=11]
[ext_resource path="res://Resources/Equipment/Minisubs/SparrowMinisubType.tres" type="Resource" id=12]
[ext_resource path="res://Resources/Equipment/Torpedoes/DirkTorpedo.tres" type="Resource" id=13]
[ext_resource path="res://Resources/Equipment/Modules/Turrets/TurretD12x1.tres" type="Resource" id=14]
[ext_resource path="res://Resources/Equipment/Modules/Turrets/TurretD8Multi.tres" type="Resource" id=15]
[ext_resource path="res://Resources/Equipment/Armor/ArmorLight.tres" type="Resource" id=16]
[ext_resource path="res://Scenes/UI/SecurityOffice.tscn" type="PackedScene" id=17]
[ext_resource path="res://Scenes/UI/CommodityTrader.tscn" type="PackedScene" id=18]
[ext_resource path="res://Scenes/UI/Bar.tscn" type="PackedScene" id=19]
[ext_resource path="res://Scenes/UI/ArmsDealer.tscn" type="PackedScene" id=20]
[ext_resource path="res://Scenes/UI/BountyOffice.tscn" type="PackedScene" id=21]
[ext_resource path="res://Resources/Equipment/SubHulls/SubhullStalwart.tres" type="Resource" id=22]
[ext_resource path="res://Scenes/Bases/StationRoom.cs" type="Script" id=23]
[ext_resource path="res://Scenes/Bases/ArmsDealerStationRoom.cs" type="Script" id=24]
[ext_resource path="res://Resources/Equipment/SubHulls/SubhullProvince.tres" type="Resource" id=25]
[ext_resource path="res://Assets/Materials/land_material.tres" type="Material" id=26]
[ext_resource path="res://Resources/Equipment/Minisubs/StrikerMinisubType.tres" type="Resource" id=27]
[ext_resource path="res://Resources/Equipment/DiveTeams/SalvageDiveTeamType.tres" type="Resource" id=28]
[ext_resource path="res://Resources/Equipment/Modules/Sonars/SonarCiv.tres" type="Resource" id=29]
[ext_resource path="res://Scenes/Bases/BarStationRoom.cs" type="Script" id=30]
[ext_resource path="res://Scenes/Parts/Growlight.tscn" type="PackedScene" id=31]
[ext_resource path="res://Scenes/Stations/WorldStations/WorldStation.cs" type="Script" id=32]
[ext_resource path="res://Scenes/Effects/LeakBubbles.tscn" type="PackedScene" id=33]
[ext_resource path="res://Textures/ui_icons/ui_contact_station.png" type="Texture" id=34]
[ext_resource path="res://Scenes/Divers/StationRepairDiver.tscn" type="PackedScene" id=35]
[ext_resource path="res://Resources/Equipment/SubHulls/SubhullProtector.tres" type="Resource" id=36]
[ext_resource path="res://Resources/Equipment/Modules/Launchers/TorpedoRotary6.tres" type="Resource" id=37]
[ext_resource path="res://Resources/Equipment/Torpedoes/HydraTorpedo.tres" type="Resource" id=38]
[ext_resource path="res://Scenes/Ships/MinisubHangar.cs" type="Script" id=39]
[ext_resource path="res://Resources/Equipment/Armor/ArmorHeavy.tres" type="Resource" id=40]
[ext_resource path="res://Scenes/CityStationController.cs" type="Script" id=41]
[ext_resource path="res://addons/XenoPath/FieldGenerator.cs" type="Script" id=42]
[ext_resource path="res://Scenes/Parts/Crop1.tscn" type="PackedScene" id=43]
[ext_resource path="res://Scenes/Parts/Crop0.tscn" type="PackedScene" id=44]
[ext_resource path="res://Scenes/Parts/Crop2.tscn" type="PackedScene" id=45]
[ext_resource path="res://Scenes/Divers/FarmerDiver.tscn" type="PackedScene" id=46]
[ext_resource path="res://Resources/Equipment/Torpedoes/ArbalestTorpedo.tres" type="Resource" id=47]
[ext_resource path="res://Resources/Equipment/Minisubs/FinchMinisubType.tres" type="Resource" id=48]
[ext_resource path="res://Resources/Equipment/Modules/Engines/EngMil_4k.tres" type="Resource" id=49]
[ext_resource path="res://Resources/Equipment/Modules/Engines/EngMil_3k.tres" type="Resource" id=50]
[ext_resource path="res://Resources/Equipment/Modules/Launchers/TorpedoBox6.tres" type="Resource" id=51]
[ext_resource path="res://Resources/Equipment/Modules/DiveChambers/DiveChamber3.tres" type="Resource" id=52]
[ext_resource path="res://Resources/Equipment/Modules/Engines/EngCiv_4k.tres" type="Resource" id=53]
[ext_resource path="res://Resources/Equipment/Modules/Turrets/TurretD12x2.tres" type="Resource" id=54]
[ext_resource path="res://Resources/Equipment/Modules/Engines/EngCiv_2k.tres" type="Resource" id=55]
[ext_resource path="res://Resources/Equipment/Modules/TowedArrays/TowedCiv.tres" type="Resource" id=56]
[ext_resource path="res://Resources/Equipment/Modules/MinisubHangars/HangarBasic.tres" type="Resource" id=57]
[ext_resource path="res://Resources/Equipment/Armor/ArmorMedium.tres" type="Resource" id=58]
[ext_resource path="res://Resources/Equipment/Modules/Launchers/TorpedoBox4.tres" type="Resource" id=59]
[ext_resource path="res://Resources/Equipment/Modules/Engines/EngMil_1k.tres" type="Resource" id=60]
[ext_resource path="res://Resources/Equipment/SubHulls/SubhullForthright.tres" type="Resource" id=61]
[ext_resource path="res://Scenes/Stations/Other/DefenseTower.tscn" type="PackedScene" id=62]
[ext_resource path="res://Resources/Simulation/Factions/Hudson/f_Newhome.tres" type="Resource" id=63]
[ext_resource path="res://Resources/Equipment/Modules/Engines/EngStealth_1k.tres" type="Resource" id=64]
[ext_resource path="res://Resources/Equipment/Modules/Engines/EngStealth_3k.tres" type="Resource" id=65]
[ext_resource path="res://Resources/Equipment/Modules/Engines/EngStealth_2k.tres" type="Resource" id=66]
[ext_resource path="res://Resources/Equipment/Modules/Turrets/TurretD8Multimk2.tres" type="Resource" id=67]
[ext_resource path="res://Resources/Equipment/Modules/Turrets/TurretD12x1mk2.tres" type="Resource" id=68]

[sub_resource type="CylinderShape" id=1]
height = 333.359
radius = 55.0

[node name="NewhomeContainer" type="Spatial"]
transform = Transform( 1, 0, 0, 0, -4.37114e-08, -1, 0, 1, -4.37114e-08, 0, 0, 0 )

[node name="StationTerrainPreview" parent="." instance=ExtResource( 1 )]
transform = Transform( -0.674908, 0, -0.737902, 0.0184405, 0.999688, -0.0168663, 0.737671, -0.0249905, -0.674697, 0, 0, 0 )
Latitude = 1.432
Longitude = 137.553
FloorMaterial = ExtResource( 26 )

[node name="Newhome" type="Spatial" parent="."]
transform = Transform( 1, 0, 0, 0, 1, -1.06581e-14, 0, 1.06581e-14, 1, 0, 7.9372e-05, 1702.17 )
script = ExtResource( 32 )
TypeIcon = ExtResource( 34 )
LeakBubblesPrefab = ExtResource( 33 )
MaximumHealth = 100000.0
Armor = 20.0
MaximumLeakBubbles = 20
ConstantNoise = 2000.0
RepairDiverPrefab = ExtResource( 35 )

[node name="CameraCenter" type="Spatial" parent="Newhome"]
transform = Transform( 1, 0, 0, 0, 1, 0, 0, 0, 1, 0, 0, 93.1165 )

[node name="Tower0" type="StaticBody" parent="Newhome"]
transform = Transform( 1, 0, 0, 0, 1, 0, 0, 0, 1, 0, -7.94122e-05, 211.486 )

[node name="0" parent="Newhome/Tower0" instance=ExtResource( 3 )]
transform = Transform( 2, 0, 0, 0, -8.74228e-08, 2, 0, -2, -8.74228e-08, 0, 0, 0 )

[node name="1" parent="Newhome/Tower0" instance=ExtResource( 3 )]
transform = Transform( 2, 0, 0, 0, -8.74228e-08, 2, 0, -2, -8.74228e-08, 0, -1.74846e-06, -40 )

[node name="2" parent="Newhome/Tower0" instance=ExtResource( 2 )]
transform = Transform( 2, 0, 0, 0, -8.74228e-08, 2, 0, -2, -8.74228e-08, 0, -3.49691e-06, -80 )

[node name="3" parent="Newhome/Tower0" instance=ExtResource( 2 )]
transform = Transform( 2, 0, 0, 0, -8.74228e-08, 2, 0, -2, -8.74228e-08, 0, -5.24537e-06, -120 )

[node name="4" parent="Newhome/Tower0" instance=ExtResource( 2 )]
transform = Transform( 2, 0, 0, 0, -8.74228e-08, 2, 0, -2, -8.74228e-08, 0, -6.99383e-06, -160 )

[node name="5" parent="Newhome/Tower0" instance=ExtResource( 2 )]
transform = Transform( 2, 0, 0, 0, -8.74228e-08, 2, 0, -2, -8.74228e-08, 0, -8.74228e-06, -200 )

[node name="6" parent="Newhome/Tower0" instance=ExtResource( 2 )]
transform = Transform( 2, 0, 0, 0, -8.74228e-08, 2, 0, -2, -8.74228e-08, 0, -1.04907e-05, -240 )

[node name="7" parent="Newhome/Tower0" instance=ExtResource( 4 )]
transform = Transform( 2, 0, 0, 0, -8.74228e-08, 2, 0, -2, -8.74228e-08, 0, -1.74847e-06, -280 )

[node name="CollisionShape" type="CollisionShape" parent="Newhome/Tower0"]
transform = Transform( 1, 0, 0, 0, -1.39091e-08, 1, 0, -1, -1.39091e-08, 0, 7.77496e-05, -135.88 )
shape = SubResource( 1 )

[node name="Tower1" type="StaticBody" parent="Newhome"]
transform = Transform( 1, 0, 0, 0, 1, 0, 0, 0, 1, -327.794, -0.362909, 181.344 )

[node name="0" parent="Newhome/Tower1" instance=ExtResource( 3 )]
transform = Transform( 2, 0, 0, 0, -8.74228e-08, 2, 0, -2, -8.74228e-08, 0, 0, 0 )

[node name="1" parent="Newhome/Tower1" instance=ExtResource( 3 )]
transform = Transform( 2, 0, 0, 0, -8.74228e-08, 2, 0, -2, -8.74228e-08, 0, -1.74846e-06, -40 )

[node name="2" parent="Newhome/Tower1" instance=ExtResource( 3 )]
transform = Transform( 2, 0, 0, 0, -8.74228e-08, 2, 0, -2, -8.74228e-08, 0, -3.05176e-05, -80 )

[node name="3" parent="Newhome/Tower1" instance=ExtResource( 2 )]
transform = Transform( 2, 0, 0, 0, -8.74228e-08, 2, 0, -2, -8.74228e-08, 0, -4.57764e-05, -120 )

[node name="4" parent="Newhome/Tower1" instance=ExtResource( 3 )]
transform = Transform( 2, 0, 0, 0, -8.74228e-08, 2, 0, -2, -8.74228e-08, 0, -6.10352e-05, -160 )

[node name="5" parent="Newhome/Tower1" instance=ExtResource( 4 )]
transform = Transform( 2, 0, 0, 0, -8.74228e-08, 2, 0, -2, -8.74228e-08, 0, 0, -200 )

[node name="CollisionShape11" type="CollisionShape" parent="Newhome/Tower1"]
transform = Transform( 1, 0, 0, 0, -1.39091e-08, 1, 0, -1, -1.39091e-08, 0.620026, 0.322998, -47.0801 )
shape = SubResource( 1 )

[node name="Tower2" type="StaticBody" parent="Newhome"]
transform = Transform( 1, 0, 0, 0, 1, 0, 0, 0, 1, 0, 192.15, 167.038 )

[node name="0" parent="Newhome/Tower2" instance=ExtResource( 3 )]
transform = Transform( 2, 0, 0, 0, -8.74228e-08, 2, 0, -2, -8.74228e-08, 0, 0, 0 )

[node name="1" parent="Newhome/Tower2" instance=ExtResource( 3 )]
transform = Transform( 2, 0, 0, 0, -8.74228e-08, 2, 0, -2, -8.74228e-08, 0, -1.74846e-06, -40 )

[node name="2" parent="Newhome/Tower2" instance=ExtResource( 2 )]
transform = Transform( 2, 0, 0, 0, -8.74228e-08, 2, 0, -2, -8.74228e-08, 0, -4.57764e-05, -80 )

[node name="3" parent="Newhome/Tower2" instance=ExtResource( 2 )]
transform = Transform( 2, 0, 0, 0, -8.74228e-08, 2, 0, -2, -8.74228e-08, 0, -4.57764e-05, -120 )

[node name="4" parent="Newhome/Tower2" instance=ExtResource( 3 )]
transform = Transform( 2, 0, 0, 0, -8.74228e-08, 2, 0, -2, -8.74228e-08, 0, -6.10352e-05, -160 )

[node name="5" parent="Newhome/Tower2" instance=ExtResource( 2 )]
transform = Transform( 2, 0, 0, 0, -8.74228e-08, 2, 0, -2, -8.74228e-08, 0, -3.05176e-05, -200 )

[node name="6" parent="Newhome/Tower2" instance=ExtResource( 4 )]
transform = Transform( 2, 0, 0, 0, -8.74228e-08, 2, 0, -2, -8.74228e-08, 0, 3.05176e-05, -240 )

[node name="CollisionShape11" type="CollisionShape" parent="Newhome/Tower2"]
transform = Transform( 1, 0, 0, 0, -1.39091e-08, 1, 0, -1, -1.39091e-08, 0, 0, -99.1885 )
shape = SubResource( 1 )

[node name="Tower3" type="StaticBody" parent="Newhome"]
transform = Transform( -0.5, 0.866025, 0, -0.866025, -0.5, 0, 0, 0, 1, -166.721, 96.2564, 191.287 )

[node name="0" parent="Newhome/Tower3" instance=ExtResource( 3 )]
transform = Transform( 2, 0, 0, 0, -8.74228e-08, 2, 0, -2, -8.74228e-08, 0, 0, 0 )

[node name="1" parent="Newhome/Tower3" instance=ExtResource( 3 )]
transform = Transform( 2, 0, 0, 0, -8.74228e-08, 2, 0, -2, -8.74228e-08, 0, -1.74846e-06, -40 )

[node name="2" parent="Newhome/Tower3" instance=ExtResource( 2 )]
transform = Transform( 2, 0, 0, 0, -8.74228e-08, 2, 0, -2, -8.74228e-08, 0, -6.10352e-05, -80 )

[node name="3" parent="Newhome/Tower3" instance=ExtResource( 2 )]
transform = Transform( 2, 0, 0, 0, -8.74228e-08, 2, 0, -2, -8.74228e-08, 0, -4.57764e-05, -120 )

[node name="4" parent="Newhome/Tower3" instance=ExtResource( 5 )]
transform = Transform( 1, 4.37114e-08, -1.73205, 1.73205, -7.57103e-08, 1, -4.37114e-08, -2, -7.57103e-08, -1.52588e-05, 1.52588e-05, -160 )

[node name="5" parent="Newhome/Tower3" instance=ExtResource( 4 )]
transform = Transform( 2, 0, 0, 0, -8.74228e-08, 2, 0, -2, -8.74228e-08, 0, 0, -200 )

[node name="CollisionShape3" type="CollisionShape" parent="Newhome/Tower3"]
transform = Transform( -0.5, 1.20456e-08, -0.866026, 0.866026, 6.95456e-09, -0.5, 0, -1, -1.39091e-08, 1.06799, 0.101593, -50.01 )
shape = SubResource( 1 )

[node name="Tower4" type="StaticBody" parent="Newhome"]
transform = Transform( -0.5, 0.866025, 0, -0.866025, -0.5, 0, 0, 0, 1, 166.407, -96.0753, 210.831 )

[node name="0" parent="Newhome/Tower4" instance=ExtResource( 3 )]
transform = Transform( 2, 0, 0, 0, -8.74228e-08, 2, 0, -2, -8.74228e-08, 0, 0, 0 )

[node name="1" parent="Newhome/Tower4" instance=ExtResource( 2 )]
transform = Transform( 2, 0, 0, 0, -8.74228e-08, 2, 0, -2, -8.74228e-08, 3.8147e-05, -3.05176e-05, -39 )

[node name="2" parent="Newhome/Tower4" instance=ExtResource( 2 )]
transform = Transform( 2, 0, 0, 0, -8.74228e-08, 2, 0, -2, -8.74228e-08, 0, -4.57764e-05, -80 )

[node name="3" parent="Newhome/Tower4" instance=ExtResource( 2 )]
transform = Transform( 2, 0, 0, 0, -8.74228e-08, 2, 0, -2, -8.74228e-08, 0, -4.57764e-05, -120 )

[node name="4" parent="Newhome/Tower4" instance=ExtResource( 2 )]
transform = Transform( 2, 0, 0, 0, -8.74228e-08, 2, 0, -2, -8.74228e-08, 1.52588e-05, -4.57764e-05, -160 )

[node name="5" parent="Newhome/Tower4" instance=ExtResource( 2 )]
transform = Transform( 2, 0, 0, 0, -8.74228e-08, 2, 0, -2, -8.74228e-08, 0, -3.05176e-05, -200 )

[node name="6" parent="Newhome/Tower4" instance=ExtResource( 4 )]
transform = Transform( 2, 0, 0, 0, -8.74228e-08, 2, 0, -2, -8.74228e-08, 0, 3.05176e-05, -240 )

[node name="CollisionShape10" type="CollisionShape" parent="Newhome/Tower4"]
transform = Transform( -0.5, 1.20456e-08, -0.866026, 0.866026, 6.95456e-09, -0.5, 0, -1, -1.39091e-08, 0.377121, 0.512177, -85.36 )
shape = SubResource( 1 )

[node name="Tower5" type="StaticBody" parent="Newhome"]
transform = Transform( 0.5, 0.866025, 0, -0.866025, 0.5, 0, 0, 0, 1, -166.721, -96.2566, 207.616 )

[node name="0" parent="Newhome/Tower5" instance=ExtResource( 3 )]
transform = Transform( 2, 0, 0, 0, -8.74228e-08, 2, 0, -2, -8.74228e-08, 0, 0, 0 )

[node name="1" parent="Newhome/Tower5" instance=ExtResource( 3 )]
transform = Transform( 2, 0, 0, 0, -8.74228e-08, 2, 0, -2, -8.74228e-08, 0, -1.74846e-06, -40 )

[node name="2" parent="Newhome/Tower5" instance=ExtResource( 3 )]
transform = Transform( 2, 0, 0, 0, -8.74228e-08, 2, 0, -2, -8.74228e-08, 0, -3.05176e-05, -80 )

[node name="3" parent="Newhome/Tower5" instance=ExtResource( 3 )]
transform = Transform( 2, 0, 0, 0, -8.74228e-08, 2, 0, -2, -8.74228e-08, 1.52588e-05, -3.05176e-05, -120 )

[node name="4" parent="Newhome/Tower5" instance=ExtResource( 4 )]
transform = Transform( 2, 0, 0, 0, -8.74228e-08, 2, 0, -2, -8.74228e-08, 0, 0, -160 )

[node name="CollisionShape2" type="CollisionShape" parent="Newhome/Tower5"]
transform = Transform( 0.5, 1.20456e-08, -0.866026, 0.866026, -6.95456e-09, 0.5, 0, -1, -1.39091e-08, -0.497795, -0.227615, -9.07007 )
shape = SubResource( 1 )

[node name="Tower6" type="StaticBody" parent="Newhome"]
transform = Transform( 0.5, 0.866025, 0, -0.866025, 0.5, 0, 0, 0, 1, 166.407, 96.0751, 204.357 )

[node name="0" parent="Newhome/Tower6" instance=ExtResource( 3 )]
transform = Transform( 2, 0, 0, 0, -8.74228e-08, 2, 0, -2, -8.74228e-08, 0, 0, 0 )

[node name="1" parent="Newhome/Tower6" instance=ExtResource( 3 )]
transform = Transform( 2, 0, 0, 0, -8.74228e-08, 2, 0, -2, -8.74228e-08, 0, -1.74846e-06, -40 )

[node name="2" parent="Newhome/Tower6" instance=ExtResource( 2 )]
transform = Transform( 2, 0, 0, 0, -8.74228e-08, 2, 0, -2, -8.74228e-08, 0, -4.57764e-05, -80 )

[node name="3" parent="Newhome/Tower6" instance=ExtResource( 2 )]
transform = Transform( 2, 0, 0, 0, -8.74228e-08, 2, 0, -2, -8.74228e-08, 0, -4.57764e-05, -120 )

[node name="5" parent="Newhome/Tower6" instance=ExtResource( 2 )]
transform = Transform( 2, 0, 0, 0, -8.74228e-08, 2, 0, -2, -8.74228e-08, 0, -3.05176e-05, -200 )

[node name="6" parent="Newhome/Tower6" instance=ExtResource( 4 )]
transform = Transform( 2, 0, 0, 0, -8.74228e-08, 2, 0, -2, -8.74228e-08, 0, 3.05176e-05, -240 )

[node name="4" parent="Newhome/Tower6" instance=ExtResource( 5 )]
transform = Transform( 1, 4.37114e-08, -1.73205, 1.73205, -7.57103e-08, 1, -4.37114e-08, -2, -7.57103e-08, -1.52588e-05, 1.52588e-05, -160 )

[node name="CollisionShape9" type="CollisionShape" parent="Newhome/Tower6"]
transform = Transform( 0.5, 1.20456e-08, -0.866026, 0.866026, -6.95456e-09, 0.5, 0, -1, -1.39091e-08, -0.331474, 0.413086, -86.37 )
shape = SubResource( 1 )

[node name="Tower7" type="StaticBody" parent="Newhome"]
transform = Transform( 1, 0, 0, 0, 1, 0, 0, 0, 1, 0, 385.15, 168.756 )

[node name="0" parent="Newhome/Tower7" instance=ExtResource( 3 )]
transform = Transform( 2, 0, 0, 0, -8.74228e-08, 2, 0, -2, -8.74228e-08, 0, 0, 0 )

[node name="1" parent="Newhome/Tower7" instance=ExtResource( 2 )]
transform = Transform( 2, 0, 0, 0, -8.74228e-08, 2, 0, -2, -8.74228e-08, 0, -3.05176e-05, -40 )

[node name="2" parent="Newhome/Tower7" instance=ExtResource( 2 )]
transform = Transform( 2, 0, 0, 0, -8.74228e-08, 2, 0, -2, -8.74228e-08, 0, -3.05176e-05, -80 )

[node name="3" parent="Newhome/Tower7" instance=ExtResource( 4 )]
transform = Transform( 2, 0, 0, 0, -8.74228e-08, 2, 0, -2, -8.74228e-08, 0, 3.05176e-05, -120 )

[node name="CollisionShape7" type="CollisionShape" parent="Newhome/Tower7"]
transform = Transform( 1, 0, 0, 0, -1.39091e-08, 1, 0, -1, -1.39091e-08, 0.250793, -0.212982, 29.3199 )
shape = SubResource( 1 )

[node name="Tower8" type="StaticBody" parent="Newhome"]
transform = Transform( 0.5, -0.866025, 0, 0.866025, 0.5, 0, 0, 0, 1, 5.71515, 549.648, 162.67 )

[node name="0" parent="Newhome/Tower8" instance=ExtResource( 3 )]
transform = Transform( 2, 0, 0, 0, -8.74228e-08, 2, 0, -2, -8.74228e-08, 0, 0, 0 )

[node name="1" parent="Newhome/Tower8" instance=ExtResource( 3 )]
transform = Transform( 2, 0, 0, 0, -8.74228e-08, 2, 0, -2, -8.74228e-08, 0, -1.74846e-06, -40 )

[node name="4" parent="Newhome/Tower8" instance=ExtResource( 3 )]
transform = Transform( 2, 0, 0, 0, -8.74228e-08, 2, -1.42109e-14, -2, -8.74228e-08, -1.52588e-05, -6.10352e-05, -80 )

[node name="6" parent="Newhome/Tower8" instance=ExtResource( 4 )]
transform = Transform( 2, 0, 0, 0, -8.74228e-08, 2, -1.42109e-14, -2, -8.74228e-08, 0, 3.05176e-05, -120 )

[node name="CollisionShape6" type="CollisionShape" parent="Newhome/Tower8"]
transform = Transform( 0.5, -1.20456e-08, 0.866026, -0.866026, -6.95456e-09, 0.5, 0, -1, -1.39091e-08, 0.54982, -1.21021, 34.1001 )
shape = SubResource( 1 )

[node name="Tower9" type="StaticBody" parent="Newhome"]
transform = Transform( 0.5, 0.866025, 0, -0.866025, 0.5, 0, 0, 0, 1, 167.143, 288.65, 163.443 )

[node name="0" parent="Newhome/Tower9" instance=ExtResource( 3 )]
transform = Transform( 2, 0, 0, 0, -8.74228e-08, 2, 0, -2, -8.74228e-08, 0, 0, 0 )

[node name="1" parent="Newhome/Tower9" instance=ExtResource( 2 )]
transform = Transform( 2, 0, 0, 0, -8.74228e-08, 2, 2.13163e-14, -2, -8.74228e-08, 9.15527e-05, -6.10352e-05, -40 )

[node name="2" parent="Newhome/Tower9" instance=ExtResource( 3 )]
transform = Transform( 2, 0, 0, 0, -8.74228e-08, 2, 2.13163e-14, -2, -8.74228e-08, 9.15527e-05, -6.10352e-05, -80 )

[node name="3" parent="Newhome/Tower9" instance=ExtResource( 4 )]
transform = Transform( 2, 0, 0, 0, -8.74228e-08, 2, 3.55271e-14, -2, -8.74228e-08, 9.15527e-05, -6.10352e-05, -119 )

[node name="CollisionShape8" type="CollisionShape" parent="Newhome/Tower9"]
transform = Transform( 0.5, 1.20456e-08, -0.866026, 0.866026, -6.95456e-09, 0.5, 0, -1, -1.39091e-08, 0.409866, -0.240112, 31.3201 )
shape = SubResource( 1 )

[node name="Tower11" type="StaticBody" parent="Newhome"]
transform = Transform( -0.5, -0.866026, 0, 0.866026, -0.5, 0, -3.55271e-15, -1.77636e-15, 1, -333.55, 192.088, 191.966 )

[node name="0" parent="Newhome/Tower11" instance=ExtResource( 3 )]
transform = Transform( 2, 0, 0, 0, -8.74228e-08, 2, 0, -2, -8.74228e-08, 0, 0, 0 )

[node name="1" parent="Newhome/Tower11" instance=ExtResource( 2 )]
transform = Transform( 2, 0, 0, 0, -8.74228e-08, 2, -2.13163e-14, -2, -8.74228e-08, 0, 0, -40 )

[node name="2" parent="Newhome/Tower11" instance=ExtResource( 2 )]
transform = Transform( 2, 0, 0, 0, -8.74228e-08, 2, -2.13163e-14, -2, -8.74228e-08, -6.10352e-05, 3.05176e-05, -80 )

[node name="3" parent="Newhome/Tower11" instance=ExtResource( 4 )]
transform = Transform( 2, 0, 0, 0, -8.74228e-08, 2, -1.42109e-14, -2, -8.74228e-08, -6.10352e-05, 1.52588e-05, -120 )

[node name="CollisionShape5" type="CollisionShape" parent="Newhome/Tower11"]
transform = Transform( -0.5, -1.20456e-08, 0.866025, -0.866025, 6.95454e-09, -0.5, -1.77636e-15, -1, -1.39091e-08, 0.547455, -0.403793, 29.22 )
shape = SubResource( 1 )

[node name="Tower10" type="StaticBody" parent="Newhome"]
transform = Transform( -1, 2.98022e-08, 0, -2.98022e-08, -1, 0, -2.25061e-15, 0, 1, -474.042, 100.566, 178.125 )

[node name="0" parent="Newhome/Tower10" instance=ExtResource( 3 )]
transform = Transform( 2, 0, 0, 0, -8.74228e-08, 2, 0, -2, -8.74228e-08, 0, 0, 0 )

[node name="1" parent="Newhome/Tower10" instance=ExtResource( 3 )]
transform = Transform( 2, 0, 0, 0, -8.74228e-08, 2, 0, -2, -8.74228e-08, 0, -1.74846e-06, -40 )

[node name="4" parent="Newhome/Tower10" instance=ExtResource( 3 )]
transform = Transform( 2, 0, 0, 0, -8.74228e-08, 2, -1.42109e-14, -2, -8.74228e-08, -1.52588e-05, -6.10352e-05, -80 )

[node name="6" parent="Newhome/Tower10" instance=ExtResource( 4 )]
transform = Transform( 2, 0, 0, 0, -8.74228e-08, 2, -1.42109e-14, -2, -8.74228e-08, 0, 3.05176e-05, -120 )

[node name="CollisionShape4" type="CollisionShape" parent="Newhome/Tower10"]
transform = Transform( -1, 4.14522e-16, -2.98022e-08, 2.98022e-08, 1.39091e-08, -1, -2.25061e-15, -1, -1.39091e-08, -0.326996, 0.696821, 32.73 )
shape = SubResource( 1 )

[node name="DockTower0" parent="Newhome" instance=ExtResource( 7 )]
transform = Transform( -6.53668e-07, 7.54979e-08, 1, -1, -4.37114e-08, -6.53668e-07, 4.37114e-08, -1, 7.5498e-08, -166.977, -311.072, 204.862 )

[node name="Dock 0" type="Spatial" parent="Newhome/DockTower0"]
transform = Transform( -0.0237526, 8.88178e-16, -0.999717, -8.88178e-15, 1, 1.06581e-14, 0.999717, 0, -0.0237526, -0.686859, 19.2699, 13.6896 )
script = ExtResource( 6 )
LeftSideDocking = true

[node name="Dock 1" type="Spatial" parent="Newhome/DockTower0"]
transform = Transform( -0.0237526, 8.88178e-16, -0.999717, -8.88178e-15, 1, 1.06581e-14, 0.999717, 0, -0.0237526, -0.0578003, 19.2699, -12.8159 )
script = ExtResource( 6 )

[node name="DockTower1" parent="Newhome" instance=ExtResource( 7 )]
transform = Transform( -3.57628e-07, -4.37114e-08, 1, -1, -4.37114e-08, -3.57628e-07, 4.37114e-08, -1, -4.37114e-08, -328.429, -222.276, 160.502 )

[node name="Dock 2" type="Spatial" parent="Newhome/DockTower1"]
transform = Transform( -0.0237516, 8.88178e-16, -0.999717, -1.42109e-14, 1, -7.99361e-15, 0.999717, -1.77636e-15, -0.0237516, -0.686462, 19.27, 13.689 )
script = ExtResource( 6 )
LeftSideDocking = true

[node name="ApproachPoint" type="Spatial" parent="Newhome/DockTower1/Dock 2"]
transform = Transform( 1, 3.87213e-15, -1.86265e-09, -3.06752e-15, 1, -1.67109e-15, 1.86265e-09, 3.56347e-15, 1, 0, 10, -200 )

[node name="Dock 3" type="Spatial" parent="Newhome/DockTower1"]
transform = Transform( -0.0237516, 8.88178e-16, -0.999717, -1.42109e-14, 1, -7.99361e-15, 0.999717, -1.77636e-15, -0.0237516, -0.0576782, 19.27, -12.8159 )
script = ExtResource( 6 )

[node name="ApproachPoint" type="Spatial" parent="Newhome/DockTower1/Dock 3"]
transform = Transform( 1, 5.32907e-15, 0, 3.55271e-15, 1, -1.77636e-15, 0, 3.55271e-15, 1, 0, 10, -200 )

[node name="DockTower2" parent="Newhome" instance=ExtResource( 7 )]
transform = Transform( -3.57628e-07, -4.37114e-08, 1, -1, -4.37114e-08, -3.57628e-07, 4.37114e-08, -1, -4.37114e-08, -1.05774, -222.255, 206.241 )

[node name="Dock 4" type="Spatial" parent="Newhome/DockTower2"]
transform = Transform( -0.0237516, 8.88178e-16, -0.999717, -1.42109e-14, 1, -7.99361e-15, 0.999717, -1.77636e-15, -0.0237516, -0.686371, 19.27, 13.6892 )
script = ExtResource( 6 )
LeftSideDocking = true

[node name="ApproachPoint" type="Spatial" parent="Newhome/DockTower2/Dock 4"]
transform = Transform( 1, 5.32907e-15, 0, 3.55271e-15, 1, -1.77636e-15, 0, 3.55271e-15, 1, 0, 0, -200 )

[node name="Dock 5" type="Spatial" parent="Newhome/DockTower2"]
transform = Transform( -0.0237516, 8.88178e-16, -0.999717, -1.42109e-14, 1, -7.99361e-15, 0.999717, -1.77636e-15, -0.0237516, -0.057312, 19.27, -12.8153 )
script = ExtResource( 6 )

[node name="ApproachPoint" type="Spatial" parent="Newhome/DockTower2/Dock 5"]
transform = Transform( 1, 5.32907e-15, 0, 3.55271e-15, 1, -1.77636e-15, 0, 3.55271e-15, 1, 0, 0, -200 )

[node name="DockTower3" parent="Newhome" instance=ExtResource( 7 )]
transform = Transform( -6.55652e-07, -4.37114e-08, 1, -1, -4.37114e-08, -6.55652e-07, 4.37115e-08, -1, -4.37114e-08, 167.635, -216.918, 205.697 )

[node name="Dock 6" type="Spatial" parent="Newhome/DockTower3"]
transform = Transform( -0.0237526, 0, -0.999717, -1.20792e-13, 1, 1.15463e-13, 0.999717, 3.55271e-15, -0.0237526, -0.686859, 19.27, 13.6896 )
script = ExtResource( 6 )
LeftSideDocking = true

[node name="ApproachPoint" type="Spatial" parent="Newhome/DockTower3/Dock 6"]
transform = Transform( 1, 0, 2.98023e-08, -3.55271e-15, 1, 0, -2.98023e-08, 0, 1, 0, 0, -200 )

[node name="Dock 7" type="Spatial" parent="Newhome/DockTower3"]
transform = Transform( -0.0237526, 0, -0.999717, -1.20792e-13, 1, 1.15463e-13, 0.999717, 3.55271e-15, -0.0237526, -0.0578003, 19.27, -12.8159 )
script = ExtResource( 6 )

[node name="ApproachPoint" type="Spatial" parent="Newhome/DockTower3/Dock 7"]
transform = Transform( 1, 0, 2.98023e-08, -3.55271e-15, 1, 0, -2.98023e-08, 0, 1, 0, 0, -200 )

[node name="CityStationController" type="Spatial" parent="Newhome"]
transform = Transform( 1, 0, 0, 0, 1, 0, 0, 0, 1, 0, 7.27596e-12, 113.646 )
script = ExtResource( 41 )

[node name="DockWaitingArea" type="Spatial" parent="Newhome"]
transform = Transform( 1, 0, 0, 0, 1, 0, 0, 0, 1, -75.9067, -622.558, 152.096 )

[node name="RoomWarehouse" type="Spatial" parent="Newhome"]
transform = Transform( 1, 0, 0, 0, 1, 0, 0, 0, 1, 0, -17.7222, 158.776 )
script = ExtResource( 23 )
FriendlyName = "Interstation Shpping"
Description = "Buying and selling commodities."
StationRoomWidgetPrefab = ExtResource( 18 )

[node name="RoomEquipment" type="Spatial" parent="Newhome"]
transform = Transform( 1, 0, 0, 0, 1, 0, 0, 0, 1, 166.765, 97.5074, 109.916 )
script = ExtResource( 24 )
FriendlyName = "Federal Armory"
Description = "Submarine equipment."
StationRoomWidgetPrefab = ExtResource( 20 )
TorpedoOptions = [ ExtResource( 11 ), ExtResource( 13 ), ExtResource( 38 ), ExtResource( 47 ), ExtResource( 9 ) ]
MinisubOptions = [ ExtResource( 12 ), ExtResource( 48 ), ExtResource( 27 ) ]
HullOptions = [ ExtResource( 10 ), ExtResource( 36 ), ExtResource( 25 ), ExtResource( 22 ), ExtResource( 61 ) ]
ArmorOptions = [ ExtResource( 16 ), ExtResource( 58 ), ExtResource( 40 ) ]
ModuleOptions = [ ExtResource( 52 ), ExtResource( 55 ), ExtResource( 53 ), ExtResource( 60 ), ExtResource( 50 ), ExtResource( 49 ), ExtResource( 59 ), ExtResource( 51 ), ExtResource( 37 ), ExtResource( 57 ), ExtResource( 29 ), ExtResource( 56 ), ExtResource( 15 ), ExtResource( 14 ), ExtResource( 54 ), ExtResource( 49 ), ExtResource( 64 ), ExtResource( 66 ), ExtResource( 65 ), ExtResource( 67 ), ExtResource( 68 ) ]

[node name="RoomBar" type="Spatial" parent="Newhome"]
transform = Transform( 1, 0, 0, 0, 1, 0, 0, 0, 1, 0, -2.8508e-06, 48.4264 )
script = ExtResource( 30 )
FriendlyName = "The Republican"
Description = "Drinks, rumors, and jobs."
StationRoomWidgetPrefab = ExtResource( 19 )
DiveTeamOptions = [ ExtResource( 8 ), ExtResource( 28 ) ]

[node name="RoomSherrifs" type="Spatial" parent="Newhome"]
transform = Transform( 1, 0, 0, 0, 1, 0, 0, 0, 1, -166.765, 97.5074, 72.3964 )
script = ExtResource( 23 )
FriendlyName = "Sherrif Office"
Description = "Local bounty hunter's office."
StationRoomWidgetPrefab = ExtResource( 21 )

[node name="RoomSecurity" type="Spatial" parent="Newhome"]
transform = Transform( 1, 0, 0, 0, 1, 0, 0, 0, 1, 0, 190.458, -40.0736 )
script = ExtResource( 23 )
FriendlyName = "Security Office"
Description = "Station security office."
StationRoomWidgetPrefab = ExtResource( 17 )

[node name="MinisubHangar0" type="Spatial" parent="Newhome"]
transform = Transform( -8.9407e-08, 0, 1, 0, 1, 0, -1, 0, -8.9407e-08, 167.264, 105.883, 19.7465 )
script = ExtResource( 39 )

[node name="ApproachPoint" type="Spatial" parent="Newhome/MinisubHangar0"]
transform = Transform( 1, 0, 1.70829e-22, 0, 1, 0, 1.70829e-22, 0, 1, 0.000976563, 0, 104.662 )

[node name="MinisubHangar1" type="Spatial" parent="Newhome"]
transform = Transform( -8.9407e-08, 0, 1, 0, 1, 0, -1, 0, -8.9407e-08, 167.264, 84.3867, 19.7465 )
script = ExtResource( 39 )

[node name="ApproachPoint" type="Spatial" parent="Newhome/MinisubHangar1"]
transform = Transform( 1, 0, 1.70829e-22, 0, 1, 0, 1.70829e-22, 0, 1, 0.000976563, 0, 104.662 )

[node name="MinisubHangar2" type="Spatial" parent="Newhome"]
transform = Transform( 3.21545e-08, -0.866025, -0.5, -7.54979e-08, -0.5, 0.866025, -1, 9.90235e-09, -8.14603e-08, -175.276, 90.7323, 10.6064 )
script = ExtResource( 39 )

[node name="ApproachPoint" type="Spatial" parent="Newhome/MinisubHangar2"]
transform = Transform( 1, 0, 1.70829e-22, 0, 1, 0, 1.70829e-22, 0, 1, 0.000976563, 0, 104.662 )

[node name="MinisubHangar3" type="Spatial" parent="Newhome"]
transform = Transform( 3.21545e-08, -0.866025, -0.5, -7.54979e-08, -0.5, 0.866025, -1, 9.90235e-09, -8.14603e-08, -158.635, 101.337, 10.6064 )
script = ExtResource( 39 )

[node name="ApproachPoint" type="Spatial" parent="Newhome/MinisubHangar3"]
transform = Transform( 1, 0, 1.70829e-22, 0, 1, 0, 1.70829e-22, 0, 1, 0.000976563, 0, 104.662 )

[node name="CropField0" type="Spatial" parent="."]
transform = Transform( -0.0523359, -4.59991e-08, 0.99863, -0.99863, -4.36515e-08, -0.0523359, 4.59991e-08, -1, -4.36515e-08, 423.144, -875.338, 1878.03 )
script = ExtResource( 42 )
CropPrefabs = [ ExtResource( 44 ), ExtResource( 43 ), ExtResource( 45 ) ]
LightPrefab = ExtResource( 31 )
Width = 700.0
Length = 400.0
CropSpacing = 20.0
LightSpacing = 200.0
CropChance = 0.7
FarmerDiverPrefab = ExtResource( 46 )

[node name="Growlight13" parent="CropField0" instance=ExtResource( 31 )]
transform = Transform( -0.0523359, -2.34759e-09, -0.998629, -4.59991e-08, 1, 5.98971e-11, 0.998629, 4.59392e-08, -0.0523359, -350, -101.655, -200 )

[node name="Crop450" parent="CropField0" instance=ExtResource( 43 )]
transform = Transform( -0.0523359, -2.34759e-09, -0.998629, -4.59991e-08, 1, 5.98971e-11, 0.998629, 4.59392e-08, -0.0523359, -350, -96.8728, -180 )

[node name="Crop451" parent="CropField0" instance=ExtResource( 45 )]
transform = Transform( -0.0523359, -2.34759e-09, -0.998629, -4.59991e-08, 1, 5.98971e-11, 0.998629, 4.59392e-08, -0.0523359, -350, -92.6121, -160 )

[node name="Crop452" parent="CropField0" instance=ExtResource( 43 )]
transform = Transform( -0.0523359, -2.34759e-09, -0.998629, -4.59991e-08, 1, 5.98971e-11, 0.998629, 4.59392e-08, -0.0523359, -350, -77.8304, -100 )

[node name="Crop453" parent="CropField0" instance=ExtResource( 44 )]
transform = Transform( -0.0523359, -2.34759e-09, -0.998629, -4.59991e-08, 1, 5.98971e-11, 0.998629, 4.59392e-08, -0.0523359, -350, -71.1396, -60 )

[node name="Crop454" parent="CropField0" instance=ExtResource( 45 )]
transform = Transform( -0.0523359, -2.34759e-09, -0.998629, -4.59991e-08, 1, 5.98971e-11, 0.998629, 4.59392e-08, -0.0523359, -350, -70.3783, -40 )

[node name="Crop455" parent="CropField0" instance=ExtResource( 44 )]
transform = Transform( -0.0523359, -2.34759e-09, -0.998629, -4.59991e-08, 1, 5.98971e-11, 0.998629, 4.59392e-08, -0.0523359, -350, -69.3016, -19.9999 )

[node name="Growlight14" parent="CropField0" instance=ExtResource( 31 )]
transform = Transform( -0.0523359, -2.34759e-09, -0.998629, -4.59991e-08, 1, 5.98971e-11, 0.998629, 4.59392e-08, -0.0523359, -350, -70.2505, 6.10352e-05 )

[node name="Crop456" parent="CropField0" instance=ExtResource( 44 )]
transform = Transform( -0.0523359, -2.34759e-09, -0.998629, -4.59991e-08, 1, 5.98971e-11, 0.998629, 4.59392e-08, -0.0523359, -350, -73.2925, 20 )

[node name="Crop457" parent="CropField0" instance=ExtResource( 45 )]
transform = Transform( -0.0523359, -2.34759e-09, -0.998629, -4.59991e-08, 1, 5.98971e-11, 0.998629, 4.59392e-08, -0.0523359, -350, -72.3156, 40 )

[node name="Crop458" parent="CropField0" instance=ExtResource( 44 )]
transform = Transform( -0.0523359, -2.34759e-09, -0.998629, -4.59991e-08, 1, 5.98971e-11, 0.998629, 4.59392e-08, -0.0523359, -350, -69.875, 60 )

[node name="Crop459" parent="CropField0" instance=ExtResource( 44 )]
transform = Transform( -0.0523359, -2.34759e-09, -0.998629, -4.59991e-08, 1, 5.98971e-11, 0.998629, 4.59392e-08, -0.0523359, -350, -72.3746, 80 )

[node name="Crop460" parent="CropField0" instance=ExtResource( 44 )]
transform = Transform( -0.0523359, -2.34759e-09, -0.998629, -4.59991e-08, 1, 5.98971e-11, 0.998629, 4.59392e-08, -0.0523359, -350, -74.2618, 100 )

[node name="Crop461" parent="CropField0" instance=ExtResource( 45 )]
transform = Transform( -0.0523359, -2.34759e-09, -0.998629, -4.59991e-08, 1, 5.98971e-11, 0.998629, 4.59392e-08, -0.0523359, -350, -75.7668, 120 )

[node name="Crop462" parent="CropField0" instance=ExtResource( 44 )]
transform = Transform( -0.0523359, -2.34759e-09, -0.998629, -4.59991e-08, 1, 5.98971e-11, 0.998629, 4.59392e-08, -0.0523359, -350, -80.2894, 140 )

[node name="Crop463" parent="CropField0" instance=ExtResource( 44 )]
transform = Transform( -0.0523359, -2.34759e-09, -0.998629, -4.59991e-08, 1, 5.98971e-11, 0.998629, 4.59392e-08, -0.0523359, -350, -84.0367, 160 )

[node name="Crop464" parent="CropField0" instance=ExtResource( 43 )]
transform = Transform( -0.0523359, -2.34759e-09, -0.998629, -4.59991e-08, 1, 5.98971e-11, 0.998629, 4.59392e-08, -0.0523359, -350, -84.3152, 180 )

[node name="Growlight15" parent="CropField0" instance=ExtResource( 31 )]
transform = Transform( -0.0523359, -2.34759e-09, -0.998629, -4.59991e-08, 1, 5.98971e-11, 0.998629, 4.59392e-08, -0.0523359, -350, -83.9131, 200 )

[node name="Crop465" parent="CropField0" instance=ExtResource( 44 )]
transform = Transform( -0.0523359, -2.34759e-09, -0.998629, -4.59991e-08, 1, 5.98971e-11, 0.998629, 4.59392e-08, -0.0523359, -330, -101.806, -200 )

[node name="Crop466" parent="CropField0" instance=ExtResource( 45 )]
transform = Transform( -0.0523359, -2.34759e-09, -0.998629, -4.59991e-08, 1, 5.98971e-11, 0.998629, 4.59392e-08, -0.0523359, -330, -86.7671, -140 )

[node name="Crop467" parent="CropField0" instance=ExtResource( 45 )]
transform = Transform( -0.0523359, -2.34759e-09, -0.998629, -4.59991e-08, 1, 5.98971e-11, 0.998629, 4.59392e-08, -0.0523359, -330, -81.7809, -120 )

[node name="Crop468" parent="CropField0" instance=ExtResource( 44 )]
transform = Transform( -0.0523359, -2.34759e-09, -0.998629, -4.59991e-08, 1, 5.98971e-11, 0.998629, 4.59392e-08, -0.0523359, -330, -73.2305, -80 )

[node name="Crop469" parent="CropField0" instance=ExtResource( 43 )]
transform = Transform( -0.0523359, -2.34759e-09, -0.998629, -4.59991e-08, 1, 5.98971e-11, 0.998629, 4.59392e-08, -0.0523359, -330, -72.1992, -60 )

[node name="Crop470" parent="CropField0" instance=ExtResource( 43 )]
transform = Transform( -0.0523359, -2.34759e-09, -0.998629, -4.59991e-08, 1, 5.98971e-11, 0.998629, 4.59392e-08, -0.0523359, -330, -72.656, -20 )

[node name="Crop471" parent="CropField0" instance=ExtResource( 45 )]
transform = Transform( -0.0523359, -2.34759e-09, -0.998629, -4.59991e-08, 1, 5.98971e-11, 0.998629, 4.59392e-08, -0.0523359, -330, -77.7205, 3.05176e-05 )

[node name="Crop472" parent="CropField0" instance=ExtResource( 43 )]
transform = Transform( -0.0523359, -2.34759e-09, -0.998629, -4.59991e-08, 1, 5.98971e-11, 0.998629, 4.59392e-08, -0.0523359, -330, -81.0742, 20 )

[node name="Crop473" parent="CropField0" instance=ExtResource( 45 )]
transform = Transform( -0.0523359, -2.34759e-09, -0.998629, -4.59991e-08, 1, 5.98971e-11, 0.998629, 4.59392e-08, -0.0523359, -330, -78.7842, 40 )

[node name="Crop474" parent="CropField0" instance=ExtResource( 44 )]
transform = Transform( -0.0523359, -2.34759e-09, -0.998629, -4.59991e-08, 1, 5.98971e-11, 0.998629, 4.59392e-08, -0.0523359, -330, -76.9269, 80.0001 )

[node name="Crop475" parent="CropField0" instance=ExtResource( 45 )]
transform = Transform( -0.0523359, -2.34759e-09, -0.998629, -4.59991e-08, 1, 5.98971e-11, 0.998629, 4.59392e-08, -0.0523359, -330, -77.2427, 100 )

[node name="Crop476" parent="CropField0" instance=ExtResource( 45 )]
transform = Transform( -0.0523359, -2.34759e-09, -0.998629, -4.59991e-08, 1, 5.98971e-11, 0.998629, 4.59392e-08, -0.0523359, -330, -78.4882, 120 )

[node name="Crop477" parent="CropField0" instance=ExtResource( 43 )]
transform = Transform( -0.0523359, -2.34759e-09, -0.998629, -4.59991e-08, 1, 5.98971e-11, 0.998629, 4.59392e-08, -0.0523359, -330, -82.2356, 140 )

[node name="Crop478" parent="CropField0" instance=ExtResource( 43 )]
transform = Transform( -0.0523359, -2.34759e-09, -0.998629, -4.59991e-08, 1, 5.98971e-11, 0.998629, 4.59392e-08, -0.0523359, -330, -86.7551, 200 )

[node name="Crop479" parent="CropField0" instance=ExtResource( 44 )]
transform = Transform( -0.0523359, -2.34759e-09, -0.998629, -4.59991e-08, 1, 5.98971e-11, 0.998629, 4.59392e-08, -0.0523359, -310, -101.953, -200 )

[node name="Crop480" parent="CropField0" instance=ExtResource( 44 )]
transform = Transform( -0.0523359, -2.34759e-09, -0.998629, -4.59991e-08, 1, 5.98971e-11, 0.998629, 4.59392e-08, -0.0523359, -310, -96.7278, -180 )

[node name="Crop481" parent="CropField0" instance=ExtResource( 43 )]
transform = Transform( -0.0523359, -2.34759e-09, -0.998629, -4.59991e-08, 1, 5.98971e-11, 0.998629, 4.59392e-08, -0.0523359, -310, -86.1549, -140 )

[node name="Crop482" parent="CropField0" instance=ExtResource( 44 )]
transform = Transform( -0.0523359, -2.34759e-09, -0.998629, -4.59991e-08, 1, 5.98971e-11, 0.998629, 4.59392e-08, -0.0523359, -310, -81.1471, -120 )

[node name="Crop483" parent="CropField0" instance=ExtResource( 45 )]
transform = Transform( -0.0523359, -2.34759e-09, -0.998629, -4.59991e-08, 1, 5.98971e-11, 0.998629, 4.59392e-08, -0.0523359, -310, -74.2495, -40 )

[node name="Crop484" parent="CropField0" instance=ExtResource( 44 )]
transform = Transform( -0.0523359, -2.34759e-09, -0.998629, -4.59991e-08, 1, 5.98971e-11, 0.998629, 4.59392e-08, -0.0523359, -310, -83.1227, 3.05176e-05 )

[node name="Crop485" parent="CropField0" instance=ExtResource( 45 )]
transform = Transform( -0.0523359, -2.34759e-09, -0.998629, -4.59991e-08, 1, 5.98971e-11, 0.998629, 4.59392e-08, -0.0523359, -310, -85.4386, 20 )

[node name="Crop486" parent="CropField0" instance=ExtResource( 43 )]
